982 733
700 428
395 45
328 373
139 254
719 688
616 640
666 309
889 261
364 750
911 969
360 631
692 527
823 512
345 427
394 662
903 277
249 126
823 356
257 129
571 713
230 759
978 804
816 166
946 526
321 352
233 433
247 132
104 931
587 547
267 595
834 996
172 45
3 396
406 706
209 557
716 930
92 580
538 570
846 458
18 615
666 191
837 567
456 298
570 670
8 433
358 86
330 764
683 182
16 909
53 161
526 714
101 388
862 638
106 417
946 829
924 557
216 185
639 534
710 22
412 598
814 674
654 224
690 95
821 149
279 247
66 274
550 43
442 748
130 259
768 298
489 845
442 721
283 227
862 708
182 377
472 672
117 275
409 378
448 267
916 448
849 877
444 734
851 406
480 848
803 80
482 344
702 892
552 653
13 654
247 264
453 796
201 343
360 411
657 810
712 186
241 637
829 983
388 384
47 882
796 344
460 350
38 82
402 61
159 67
618 693
5 516
632 327
363 380
696 848
129 10
545 776
25 979
448 493
56 384
56 627
55 437
831 13
246 928
943 775
719 941
778 355
920 978
671 550
644 99
714 919
541 507
692 759
716 287
665 820
489 645
815 720
143 726
320 590
140 659
935 172
329 759
771 773
205 139
666 493
54 372
150 695
824 679
918 54
227 267
327 164
154 571
97 247
219 849
279 307
252 873
794 964
970 980
660 809
231 259
362 200
259 30
544 795
214 556
947 774
680 458
757 805
995 465
983 88
916 941
810 850
280 570
902 355
330 330
732 634
365 883
740 308
28 478
884 943
180 509
323 697
607 982
934 196
879 438
791 603
563 458
621 647
783 70
601 782
132 385
424 281
579 859
826 812
28 383
274 484
662 327
616 457
451 71
594 997
303 552
481 190
656 796
195 147
405 286
207 366
834 202
860 487
766 862
458 470
852 979
983 451
65 670
580 896
384 20
309 125
326 51
493 525
657 540
959 593
123 828
529 936
438 536
305 904
906 489
315 569
565 343
48 333
787 786
953 78
252 932
829 705
281 313
809 672
478 222
576 270
647 213
715 605
48 786
392 859
277 939
504 200
187 846
530 75
891 102
803 887
89 939
710 53
270 677
502 530
250 294
605 766
603 805
137 182
423 943
288 661
625 873
241 604
467 489
53 380
302 961
882 764
204 978
353 772
770 681
769 770
111 749
633 686
293 891
442 313
725 505
922 245
800 759
151 956
93 438
387 185
554 415
383 957
385 442
596 203
402 933
73 911
308 100
114 356
932 798
432 183
532 202
713 848
452 30
605 245
241 487
668 60
117 107
115 580
158 892
959 22
149 724
303 721
558 172
263 92
238 242
942 451
734 792
474 602
22 992
13 956
943 628
766 222
415 153
954 996
677 121
392 160
369 43
279 718
966 999
778 211
582 577
729 837
808 495
990 481
585 596
767 236
274 996
998 833
504 999
903 288
650 824
576 902
916 608
927 409
337 541
531 183
379 214
572 663
317 663
99 960
791 694
615 102
514 759
655 965
159 259
575 955
483 798
739 11
893 732
94 603
505 569
438 58
635 75
975 209
892 132
852 368
114 988
985 558
288 312
336 716
409 530
961 243
61 76
743 240
617 589
330 309
370 215
547 103
965 253
589 893
184 79
693 137
500 973
706 585
388 864
64 438
715 860
60 506
364 578
213 857
60 382
68 30
944 88
929 686
181 275
849 549
377 304
73 844
967 674
643 786
517 65
144 3
820 531
447 768
242 291
103 796
131 237
265 348
635 160
779 125
584 45
225 920
758 66
190 720
721 95
835 210
854 651
229 417
184 763
711 715
160 47
420 440
78 899
969 326
926 149
500 899
246 886
566 809
618 578
377 565
340 80
270 501
123 33
210 880
774 259
134 769
530 259
659 212
349 292
301 677
941 587
756 809
340 355
895 908
947 581
812 612
784 307
465 327
198 33
569 675
405 231
773 340
575 541
765 267
206 338
577 346
364 159
572 192
979 469
245 149
379 423
929 482
165 905
409 95
765 311
520 19
694 220
342 342
950 988
276 267
339 489
675 192
809 602
485 278
625 974
391 538
592 401
356 786
814 505
220 248
279 356
339 563
377 571
85 545
595 736
585 773
729 264
275 564
39 239
601 341
673 278
271 282
646 290
665 261
213 175
764 84
773 449
720 225
77 559
274 178
313 954
381 177
706 768
409 429
936 16
966 490
412 390
686 691
101 871
55 727
743 995
476 492
711 765
360 962
17 447
300 232
392 866
852 741
579 403
112 650
388 214
315 603
186 460
411 343
644 122
756 239
385 894
754 260
351 612
221 68
162 403
700 655
130 206
945 326
937 671
819 952
408 89
66 163
449 71
253 770
634 363
445 296
855 89
156 269
253 48
439 325
957 103
632 932
924 669
691 638
432 319
682 628
103 731
577 898
703 89
991 496
85 478
809 637
353 425
999 285
946 404
709 983
278 204
948 388
128 610
752 530
634 137
486 916
322 302
773 589
461 456
356 968
961 828
765 321
642 428
78 233
802 766
674 430
187 741
442 143
754 355
952 528
747 103
43 706
311 896
713 786
763 306
854 759
451 677
688 574
680 919
422 657
262 821
469 992
562 853
596 121
414 217
963 916
698 955
887 587
664 770
375 153
260 699
655 375
79 366
594 21
184 709
538 963
638 808
865 350
437 972
953 93
920 599
851 522
81 578
269 16
990 699
169 956
236 175
560 233
667 378
744 229
613 151
324 709
504 448
623 742
447 481
546 493
75 277
339 191
460 916
169 866
838 989
888 490
167 932
655 210
402 964
384 443
715 435
683 756
349 78
249 887
370 349
831 598
540 233
680 821
489 918
965 528
89 614
715 140
846 294
382 709
27 363
620 721
729 333
822 111
984 174
126 855
347 402
542 243
585 736
930 849
750 188
76 528
474 368
168 683
857 78
776 53
920 130
329 472
507 107
539 64
716 635
68 519
891 188
985 567
429 918
285 28
266 918
729 683
763 38
463 408
754 541
478 223
117 79
313 169
463 421
151 326
522 433
231 945
571 46
303 851
89 727
47 283
702 203
825 51
807 747
142 121
988 728
644 517
529 314
952 786
503 655
317 344
367 12
84 895
